12640051
30725793
17183979
8484169
34397012
12441839
32924623
33347647
27781487
38173285
34621136
36396093
41881567
37815739
37610638
36907707
37181846
756328
1402147
25979700
37458360
2246664
27559458
33223673
34877197
22575059
41804433
32821602
32999238
26528671
30294700
15070118
21045487
39297644
39911998
7247159
18141993
15201388
25883838
12080871
11792482
1619427
30200137
11447537
41881482
37350249
19557561
31513953
3696419
1744854
12021944
30363753
8441953
35410158
8620154
17408851
8563595
21716868
26000183
34521743
8089685
40480035
3808248
11846921
42253616
20829324
27795862
31473680
31277063
7738578
10199298
39183047
14315299
7264699
13266850
3979415
33642294
32554417
205315
24348572
28883251
6709162
21874138
19987409
3508676
24684337
6182481
18207526
4543625
38111373
20619745
25449936
9674034
10367329
2636799
17297277
2770966
13703848
8837794
7477786
41818115
14770616
29576903
2795052
35079545
24057282
8971849
1219088
22689848
19558290
3273514
18976053
2942571
7058704
17667777
8413812
8847575
10390175
4414886
28144490
23960062
9760974
4000365
724079
9198099